2020-01-01 11.5 19672.233956  992.435455 19574.454961 43199.500000 29.5  1.0 2020.0 0.671640 0.000000
2020-01-02 11.5 19646.961145  989.031151 19538.048919 43199.500000 29.5  1.0 2020.0 0.669779 0.002732
2020-01-03 11.5 19623.781328  982.796324 19498.407542 43199.500000 29.5  1.0 2020.0 0.667748 0.005464
2020-01-04 11.5 19588.508201  979.056669 19457.172435 43199.500000 29.5  1.0 2020.0 0.665631 0.008197
2020-01-05 11.5 19511.504799  989.815606 19419.610399 43199.500000 29.5  1.0 2020.0 0.663698 0.010929
2020-01-06 11.5 19468.854208  990.139906 19385.172499 43199.500000 29.5  1.0 2020.0 0.661923 0.013661
2020-01-07 11.5 19433.815795  986.660872 19343.883492 43199.500000 29.5  1.0 2020.0 0.659791 0.016393
2020-01-08 11.5 19401.849116  987.793282 19313.132884 43199.500000 29.5  1.0 2020.0 0.658200 0.019126
2020-01-09 11.5 19391.502147  982.524164 19276.240878 43199.500000 29.5  1.0 2020.0 0.656288 0.021858
2020-01-10 11.5 19378.595616  979.916822 19236.435882 43199.500000 29.5  1.0 2020.0 0.654221 0.024590
2020-01-11 11.5 19335.771002  989.141815 19197.296574 43199.500000 29.5  1.0 2020.0 0.652184 0.027322
2020-01-12 11.5 19327.360057  986.298693 19157.362953 43199.500000 29.5  1.0 2020.0 0.650102 0.030055
2020-01-13 11.5 19322.572572  983.831996 19128.622978 43199.500000 29.5  1.0 2020.0 0.648601 0.032787
2020-01-14 11.5 19290.831765  981.606437 19083.368473 43199.500000 29.5  1.0 2020.0 0.646232 0.035519
2020-01-15 11.5 19250.944736  983.759240 19053.467035 43199.500000 29.5  1.0 2020.0 0.644664 0.038251
2020-01-16 11.5 19181.567671  990.374454 19016.118559 43199.500000 29.5  1.0 2020.0 0.642702 0.040984
2020-01-17 11.5 19142.157190  985.726531 18980.837200 43199.500000 29.5  1.0 2020.0 0.640845 0.043716
2020-01-18 11.5 19027.810796  984.550391 18882.976042 43199.500000 29.5  1.0 2020.0 0.635676 0.046448
2020-01-19 11.5 18950.656847  991.604752 18845.634969 43199.500000 29.5  1.0 2020.0 0.633696 0.049180
2020-01-20 11.5 18861.842547 1004.070734 18808.161014 43199.500000 29.5  1.0 2020.0 0.631706 0.051913
2020-01-21 11.5 18825.240946  999.593951 18765.524634 43199.500000 29.5  1.0 2020.0 0.629436 0.054645
2020-01-22 11.5 18813.035181  990.554508 18726.415131 43199.500000 29.5  1.0 2020.0 0.627350 0.057377
2020-01-23 11.5 18774.429503  992.466766 18687.330039 43199.500000 29.5  1.0 2020.0 0.625261 0.060109
2020-01-24 11.5 18771.657363  984.308201 18649.626015 43199.500000 29.5  1.0 2020.0 0.623241 0.062842
2020-01-25 11.5 18749.868093  982.403425 18609.740568 43199.500000 29.5  1.0 2020.0 0.621100 0.065574
2020-01-26 11.5 18731.424939  980.543536 18573.952206 43199.500000 29.5  1.0 2020.0 0.619175 0.068306
2020-01-27 11.5 18717.369884  975.553386 18535.786616 43199.500000 29.5  1.0 2020.0 0.617118 0.071038
2020-01-28 11.5 18722.550161  963.401311 18499.422575 43199.500000 29.5  1.0 2020.0 0.615154 0.073770
2020-01-29 11.5 18692.196624  965.687662 18475.492917 43199.500000 29.5  1.0 2020.0 0.613860 0.076503
2020-01-30 11.5 18628.473200  972.257867 18435.935822 43199.500000 29.5  1.0 2020.0 0.611717 0.079235
2020-01-31 11.5 18595.939449  967.313988 18397.787155 43199.500000 29.5  1.0 2020.0 0.609645 0.081967
2020-02-01 11.5 18560.772613  968.346749 18378.584628 43199.500000 29.5  2.0 2020.0 0.608601 0.084699
2020-02-02 11.5 18770.213367  969.598312 18336.138811 23669.500000 29.5  2.0 2020.0 0.606289 0.087432
2020-02-03 11.5 18208.244690  969.956641 18283.734022 60897.000000 29.5  2.0 2020.0 0.603427 0.090164
2020-02-04 11.5 18419.012816  963.044772 18256.968677 43199.500000 29.5  2.0 2020.0 0.601962 0.092896
2020-02-05 11.5 18334.025229  981.170947 18223.761037 43199.500000 29.5  2.0 2020.0 0.600141 0.095628
2020-02-06 11.5 18301.768417  986.097635 18189.304514 43199.500000 29.5  2.0 2020.0 0.598249 0.098361
2020-02-07 11.5 18289.771365  987.778023 18150.219650 43199.500000 29.5  2.0 2020.0 0.596098 0.101093
2020-02-08 11.5 18302.236355  988.043491 18121.403138 43199.500000 29.5  2.0 2020.0 0.594509 0.103825
2020-02-09 11.5 18324.014322  980.768597 18080.083113 43199.500000 29.5  2.0 2020.0 0.592226 0.106557
2020-02-10 11.5 18371.713464  960.762452 18039.637796 43199.500000 29.5  2.0 2020.0 0.589986 0.109290
2020-02-11 11.5 18343.966148  961.651578 18007.176475 43199.500000 29.5  2.0 2020.0 0.588185 0.112022
2020-02-12 11.5 18260.894091  972.217796 17969.518038 43199.500000 29.5  2.0 2020.0 0.586092 0.114754
2020-02-13 11.5 18187.039617  975.539528 17934.503183 43199.500000 29.5  2.0 2020.0 0.584141 0.117486
2020-02-14 11.5 18122.228580  976.035700 17906.471515 43199.500000 29.5  2.0 2020.0 0.582577 0.120219
2020-02-15 11.5 18019.080146  986.621114 17868.652383 43199.500000 29.5  2.0 2020.0 0.580463 0.122951
2020-02-16 11.5 17972.764734  981.078920 17832.200323 43199.500000 29.5  2.0 2020.0 0.578421 0.125683
2020-02-17 11.5 17929.925595  977.546468 17794.803498 43199.500000 29.5  2.0 2020.0 0.576321 0.128415
2020-02-18 11.5 17878.924564  981.575354 17760.508470 43199.500000 29.5  2.0 2020.0 0.574392 0.131148
2020-02-19 11.5 17858.530328  978.106984 17724.008118 43199.500000 29.5  2.0 2020.0 0.572335 0.133880
2020-02-20 11.5 17825.895572  981.368009 17687.405316 43199.500000 29.5  2.0 2020.0 0.570268 0.136612
2020-02-21 11.5 17810.729928  981.096215 17653.058164 43199.500000 29.5  2.0 2020.0 0.568324 0.139344
2020-02-22 11.5 17790.336725  983.085211 17619.260620 43199.500000 29.5  2.0 2020.0 0.566408 0.142077
2020-02-23 11.5 17802.072218  971.754151 17580.209322 43199.500000 29.5  2.0 2020.0 0.564189 0.144809
2020-02-24 11.5 17764.778815  975.710254 17543.011497 43199.500000 29.5  2.0 2020.0 0.562071 0.147541
2020-02-25 11.5 17773.304464  962.859064 17508.236115 43199.500000 29.5  2.0 2020.0 0.560086 0.150273
2020-02-26 11.5 17748.538138  957.596483 17470.304788 43199.500000 29.5  2.0 2020.0 0.557917 0.153005
2020-02-27 11.5 17686.927029  963.421416 17435.779525 43199.500000 29.5  2.0 2020.0 0.555939 0.155738
2020-02-28 11.5 17616.476324  971.156794 17404.001351 43199.500000 29.5  2.0 2020.0 0.554115 0.158470
2020-02-29 11.5 17566.986597  968.641560 17366.414291 43199.500000 29.5  2.0 2020.0 0.551953 0.161202
2020-03-01 11.5 17523.816441  964.631623 17331.853777 43199.500000 29.5  3.0 2020.0 0.549961 0.163934
2020-03-02 11.5 17491.595584  958.330091 17298.879112 43199.500000 29.5  3.0 2020.0 0.548057 0.166667
2020-03-03 11.5 17442.930147  960.582412 17267.793274 43199.500000 29.5  3.0 2020.0 0.546258 0.169399
2020-03-04 11.5 17376.973767  971.466619 17232.593941 43199.500000 29.5  3.0 2020.0 0.544217 0.172131
2020-03-05 11.5 17370.052645  967.873977 17195.786079 43199.500000 29.5  3.0 2020.0 0.542079 0.174863
2020-03-06 11.5 17399.046834  960.104062 17163.439036 43199.500000 29.5  3.0 2020.0 0.540196 0.177596
2020-03-07 11.5 17382.880478  971.563384 17129.149751 43199.500000 29.5  3.0 2020.0 0.538197 0.180328
2020-03-08 11.5 17378.483816  979.650064 17094.827543 43199.500000 29.5  3.0 2020.0 0.536191 0.183060
2020-03-09 11.5 17420.216926  974.733311 17083.048810 43199.500000 29.5  3.0 2020.0 0.535502 0.185792
2020-03-10 11.5 17408.322170  972.954672 17055.435181 43199.500000 29.5  3.0 2020.0 0.533884 0.188525
2020-03-11 11.5 17360.459387  971.650400 17024.108495 43199.500000 29.5  3.0 2020.0 0.532045 0.191257
2020-03-12 11.5 17280.269472  972.029719 16987.318521 43199.500000 29.5  3.0 2020.0 0.529882 0.193989
2020-03-13 11.5 17193.709569  974.479330 16957.800293 43199.500000 29.5  3.0 2020.0 0.528143 0.196721
2020-03-14 11.5 17085.151155  983.531272 16920.634959 43199.500000 29.5  3.0 2020.0 0.525949 0.199454
2020-03-15 11.5 17007.852167  987.363391 16886.180436 43199.500000 29.5  3.0 2020.0 0.523910 0.202186
2020-03-16 11.5 16968.744241  984.972220 16855.869334 43199.500000 29.5  3.0 2020.0 0.522114 0.204918
2020-03-17 11.5 16925.257081  988.199505 16823.483461 43199.500000 29.5  3.0 2020.0 0.520191 0.207650
2020-03-18 11.5 16896.455878  988.476299 16785.358013 43199.500000 29.5  3.0 2020.0 0.517922 0.210383
2020-03-19 11.5 16868.655817  985.183319 16729.695440 43199.500000 29.5  3.0 2020.0 0.514600 0.213115
2020-03-20 11.5 16878.573730  982.380575 16709.557669 43199.500000 29.5  3.0 2020.0 0.513396 0.215847
2020-03-21 11.5 16859.045395  984.574568 16675.023207 43199.500000 29.5  3.0 2020.0 0.511327 0.218579
2020-03-22 11.5 16826.750066  990.679917 16643.141523 43199.500000 29.5  3.0 2020.0 0.509413 0.221311
2020-03-23 11.5 16784.715186  994.379581 16600.846418 43199.500000 29.5  3.0 2020.0 0.506869 0.224044
2020-03-24 11.5 16762.463979  994.195941 16575.144994 43199.500000 29.5  3.0 2020.0 0.505319 0.226776
2020-03-25 11.5 16744.053412  990.918014 16553.009740 43199.500000 29.5  3.0 2020.0 0.503983 0.229508
2020-03-26 11.5 16700.473882  986.860360 16511.602983 43199.500000 29.5  3.0 2020.0 0.501478 0.232240
2020-03-27 11.5 16660.152310  982.059751 16477.673209 43199.500000 29.5  3.0 2020.0 0.499421 0.234973
2020-03-28 11.5 16616.644326  975.871356 16439.921035 43199.500000 29.5  3.0 2020.0 0.497127 0.237705
2020-03-29 11.5 16553.769662  976.123864 16401.911214 43199.500000 29.5  3.0 2020.0 0.494813 0.240437
2020-03-30 11.5 16473.369815  983.853291 16364.248252 43199.500000 29.5  3.0 2020.0 0.492514 0.243169
2020-03-31 11.5 16420.398537  985.643820 16326.939307 43199.500000 29.5  3.0 2020.0 0.490231 0.245902
2020-04-01 11.5 16405.204016  981.206653 16294.678760 43199.500000 29.5  4.0 2020.0 0.488254 0.248634
2020-04-02 11.5 16416.309784  973.186328 16260.215549 43199.500000 29.5  4.0 2020.0 0.486136 0.251366
2020-04-03 11.5 16422.113142  974.287109 16229.280407 43199.500000 29.5  4.0 2020.0 0.484232 0.254098
2020-04-04 11.5 16408.464972  985.685911 16195.989669 43199.500000 29.5  4.0 2020.0 0.482179 0.256831
2020-04-05 11.5 16419.982541  990.717052 16166.986939 43199.500000 29.5  4.0 2020.0 0.480386 0.259563
2020-04-06 11.5 16441.107083  990.182836 16145.947045 43199.500000 29.5  4.0 2020.0 0.479084 0.262295
2020-04-07 11.5 16423.342259  992.358078 16123.827182 43199.500000 29.5  4.0 2020.0 0.477713 0.265027
2020-04-08 11.5 16367.069122  988.638338 16079.573519 43199.500000 29.5  4.0 2020.0 0.474965 0.267760
2020-04-09 11.5 16308.702655  982.352641 16050.801616 43199.500000 29.5  4.0 2020.0 0.473174 0.270492
2020-04-10 11.5 16211.733252  985.012524 16018.474928 43199.500000 29.5  4.0 2020.0 0.471158 0.273224
2020-04-11 11.5 16156.198461  985.313476 16012.940318 43199.500000 29.5  4.0 2020.0 0.470812 0.275956
2020-04-12 11.5 16130.478991  979.043236 16000.659067 43199.500000 29.5  4.0 2020.0 0.470045 0.278689
2020-04-13 11.5 16095.864245  971.859431 15957.830839 43199.500000 29.5  4.0 2020.0 0.467365 0.281421
2020-04-14 11.5 16039.893731  979.347185 15921.483493 43199.500000 29.5  4.0 2020.0 0.465084 0.284153
2020-04-15 11.5 16014.284494  982.026560 15889.809559 43199.500000 29.5  4.0 2020.0 0.463093 0.286885
2020-04-16 11.5 16012.624049  977.414256 15853.913353 43199.500000 29.5  4.0 2020.0 0.460831 0.289617
2020-04-17 11.5 16011.923450  976.582146 15828.398051 43199.500000 29.5  4.0 2020.0 0.459221 0.292350
2020-04-18 11.5 15993.937324  977.239988 15791.835826 43199.500000 29.5  4.0 2020.0 0.456908 0.295082
2020-04-19 11.5 15969.099089  979.252709 15757.391903 43199.500000 29.5  4.0 2020.0 0.454724 0.297814
2020-04-20 11.5 15931.285882  984.234601 15726.179686 43199.500000 29.5  4.0 2020.0 0.452742 0.300546
2020-04-21 11.5 15895.282987  984.768286 15692.307694 43199.500000 29.5  4.0 2020.0 0.450586 0.303279
2020-04-22 11.5 15866.186340  984.876211 15673.350270 43199.500000 29.5  4.0 2020.0 0.449377 0.306011
2020-04-23 11.5 15810.201897  981.979849 15626.728755 43199.500000 29.5  4.0 2020.0 0.446398 0.308743
2020-04-24 11.5 15780.490139  970.581030 15586.934517 43199.500000 29.5  4.0 2020.0 0.443848 0.311475
2020-04-25 11.5 15722.311571  967.817387 15546.813449 43199.500000 29.5  4.0 2020.0 0.441271 0.314208
2020-04-26 11.5 15650.827678  972.524634 15513.548704 43199.500000 29.5  4.0 2020.0 0.439129 0.316940
2020-04-27 11.5 15603.387729  972.609415 15483.445434 43199.500000 29.5  4.0 2020.0 0.437186 0.319672
2020-04-28 11.5 15594.019545  967.961101 15465.610105 43199.500000 29.5  4.0 2020.0 0.436034 0.322404
2020-04-29 11.5 15570.177118  965.929689 15425.771718 43199.500000 29.5  4.0 2020.0 0.433455 0.325137
2020-04-30 11.5 15554.383631  968.724111 15391.672764 43199.500000 29.5  4.0 2020.0 0.431242 0.327869
2020-05-01 11.5 15569.257340  966.218838 15357.526872 43199.500000 29.5  5.0 2020.0 0.429021 0.330601
2020-05-02 11.5 15578.661912  967.915736 15321.978929 43199.500000 29.5  5.0 2020.0 0.426703 0.333333
2020-05-03 11.5 15566.251953  976.117541 15286.645321 43199.500000 29.5  5.0 2020.0 0.424394 0.336066
2020-05-04 11.5 15566.433488  977.490056 15259.805439 43199.500000 29.5  5.0 2020.0 0.422637 0.338798
2020-05-05 11.5 15545.165972  975.555627 15229.184565 43199.500000 29.5  5.0 2020.0 0.420629 0.341530
2020-05-06 11.5 15475.856723  977.523536 15192.465081 43199.500000 29.5  5.0 2020.0 0.418214 0.344262
2020-05-07 11.5 15385.865016  980.914857 15161.201237 43199.500000 29.5  5.0 2020.0 0.416155 0.346995
2020-05-08 11.5 15311.495383  979.436953 15137.055369 43199.500000 29.5  5.0 2020.0 0.414561 0.349727
2020-05-09 11.5 15238.911105  975.459516 15097.725598 43199.500000 29.5  5.0 2020.0 0.411959 0.352459
2020-05-10 11.5 15196.043777  969.520727 15063.873098 43199.500000 29.5  5.0 2020.0 0.409714 0.355191
2020-05-11 11.5 15178.308056  962.252633 15031.596367 43199.500000 29.5  5.0 2020.0 0.407569 0.357923
2020-05-12 11.5 15106.631816  975.978499 14992.546243 43199.500000 29.5  5.0 2020.0 0.404968 0.360656
2020-05-13 11.5 15110.561361  974.297665 14973.442507 43199.500000 29.5  5.0 2020.0 0.403693 0.363388
2020-05-14 11.5 15099.548866  975.324166 14943.449684 43199.500000 29.5  5.0 2020.0 0.401688 0.366120
2020-05-15 11.5 15075.658530  977.326757 14903.968030 43199.500000 29.5  5.0 2020.0 0.399042 0.368852
2020-05-16 11.5 15047.438584  981.995746 14871.960567 43199.500000 29.5  5.0 2020.0 0.396893 0.371585
2020-05-17 11.5 15029.085647  981.339773 14840.073343 43199.500000 29.5  5.0 2020.0 0.394746 0.374317
2020-05-18 11.5 14998.080876  982.591576 14809.046806 43199.500000 29.5  5.0 2020.0 0.392653 0.377049
2020-05-19 11.5 14974.900274  979.348065 14781.085382 43199.500000 29.5  5.0 2020.0 0.390763 0.379781
2020-05-20 11.5 14921.059279  980.562774 14744.321166 43199.500000 29.5  5.0 2020.0 0.388273 0.382514
2020-05-21 11.5 14858.605459  983.828625 14712.286589 43199.500000 29.5  5.0 2020.0 0.386098 0.385246
2020-05-22 11.5 14804.102588  984.823293 14685.814987 43199.500000 29.5  5.0 2020.0 0.384297 0.387978
2020-05-23 11.5 14755.077612  982.211979 14654.201685 43199.500000 29.5  5.0 2020.0 0.382142 0.390710
2020-05-24 11.5 14694.541225  984.647703 14621.215251 43199.500000 29.5  5.0 2020.0 0.379888 0.393443
2020-05-25 11.5 14650.512135  985.899272 14591.126490 43199.500000 29.5  5.0 2020.0 0.377828 0.396175
2020-05-26 11.5 14616.689373  990.527064 14567.312287 43199.500000 29.5  5.0 2020.0 0.376195 0.398907
2020-05-27 11.5 14600.960494  990.308898 14531.347840 43199.500000 29.5  5.0 2020.0 0.373723 0.401639
2020-05-28 11.5 14614.893368  985.341558 14496.656735 43199.500000 29.5  5.0 2020.0 0.371333 0.404372
2020-05-29 11.5 14623.912656  984.039127 14458.946789 43199.500000 29.5  5.0 2020.0 0.368728 0.407104
2020-05-30 11.5 14646.272622  979.406793 14424.009089 43199.500000 29.5  5.0 2020.0 0.366309 0.409836
2020-05-31 11.5 14661.030770  976.088628 14395.113111 43199.500000 29.5  5.0 2020.0 0.364304 0.412568
2020-06-01 11.5 14637.213959  979.134099 14365.949498 43199.500000 29.5  6.0 2020.0 0.362276 0.415301
2020-06-02 11.5 14607.343706  973.838917 14330.466601 43199.500000 29.5  6.0 2020.0 0.359803 0.418033
2020-06-03 11.5 14563.535963  966.869361 14299.002708 43199.500000 29.5  6.0 2020.0 0.357605 0.420765
2020-06-04 11.5 14502.822120  960.337164 14265.540641 43199.500000 29.5  6.0 2020.0 0.355262 0.423497
2020-06-05 11.5 14430.899001  960.287902 14240.275751 43199.500000 29.5  6.0 2020.0 0.353489 0.426230
2020-06-06 11.5 14340.452184  967.935355 14207.237764 43199.500000 29.5  6.0 2020.0 0.351166 0.428962
2020-06-07 11.5 14295.208309  968.415754 14179.392575 43199.500000 29.5  6.0 2020.0 0.349205 0.431694
2020-06-08 11.5 14251.362936  973.628272 14148.885829 43199.500000 29.5  6.0 2020.0 0.347051 0.434426
2020-06-09 11.5 14233.127946  975.266673 14120.073091 43199.500000 29.5  6.0 2020.0 0.345012 0.437158
2020-06-10 11.5 14239.622628  972.136605 14094.990602 43199.500000 29.5  6.0 2020.0 0.343234 0.439891
2020-06-11 11.5 14229.094110  971.340324 14058.867713 43199.500000 29.5  6.0 2020.0 0.340668 0.442623
2020-06-12 11.5 14216.303847  971.309620 14026.023823 43199.500000 29.5  6.0 2020.0 0.338329 0.445355
2020-06-13 11.5 14205.430867  971.428671 14001.456595 43199.500000 29.5  6.0 2020.0 0.336576 0.448087
2020-06-14 11.5 14178.728030  971.784520 13969.141722 43199.500000 29.5  6.0 2020.0 0.334266 0.450820
2020-06-15 11.5 14140.109419  974.359992 13939.681809 43199.500000 29.5  6.0 2020.0 0.332154 0.453552
2020-06-16 11.5 14095.224354  975.011745 13906.332855 43199.500000 29.5  6.0 2020.0 0.329759 0.456284
2020-06-17 11.5 14057.299339  971.323890 13874.293740 43199.500000 29.5  6.0 2020.0 0.327453 0.459016
2020-06-18 11.5 14013.526429  969.236230 13846.581124 43199.500000 29.5  6.0 2020.0 0.325453 0.461749
2020-06-19 11.5 13948.457212  972.154353 13814.548082 43199.500000 29.5  6.0 2020.0 0.323137 0.464481
2020-06-20 11.5 13896.290716  973.282377 13787.363147 43199.500000 29.5  6.0 2020.0 0.321167 0.467213
2020-06-21 11.5 13848.981403  975.029516 13758.630796 43199.500000 29.5  6.0 2020.0 0.319081 0.469945
2020-06-22 11.5 13809.134411  978.527821 13729.303634 43199.500000 29.5  6.0 2020.0 0.316947 0.472678
2020-06-23 11.5 13784.095706  982.708579 13700.714266 43199.500000 29.5  6.0 2020.0 0.314863 0.475410
2020-06-24 11.5 13786.594575  983.437906 13674.165752 43199.500000 29.5  6.0 2020.0 0.312923 0.478142
2020-06-25 11.5 13799.505701  983.115063 13644.900890 43199.500000 29.5  6.0 2020.0 0.310781 0.480874
2020-06-26 11.5 13823.300616  977.946840 13610.638795 43199.500000 29.5  6.0 2020.0 0.308267 0.483607
2020-06-27 11.5 13837.357383  975.099434 13582.123392 43199.500000 29.5  6.0 2020.0 0.306169 0.486339
2020-06-28 11.5 13821.980513  975.425719 13550.737023 43199.500000 29.5  6.0 2020.0 0.303856 0.489071
2020-06-29 11.5 13790.633889  973.243791 13517.649418 43199.500000 29.5  6.0 2020.0 0.301411 0.491803
2020-06-30 11.5 13734.181291  973.021403 13486.270116 43199.500000 29.5  6.0 2020.0 0.299087 0.494536
2020-07-01 11.5 13665.806446  972.589507 13456.823940 43199.500000 29.5  7.0 2020.0 0.296901 0.497268
2020-07-02 11.5 13595.837209  972.356297 13430.423476 43199.500000 29.5  7.0 2020.0 0.294937 0.500000
2020-07-03 11.5 13517.395418  976.104790 13400.300410 43199.500000 29.5  7.0 2020.0 0.292692 0.497268
2020-07-04 11.5 13456.722583  978.722239 13369.160331 43199.500000 29.5  7.0 2020.0 0.290365 0.494536
2020-07-05 11.5 13430.151100  975.688085 13336.888742 43199.500000 29.5  7.0 2020.0 0.287949 0.491803
2020-07-06 11.5 13420.668204  972.746720 13306.075203 43199.500000 29.5  7.0 2020.0 0.285636 0.489071
2020-07-07 11.5 13396.571204  978.833549 13277.534328 43199.500000 29.5  7.0 2020.0 0.283488 0.486339
2020-07-08 11.5 13399.114084  978.024229 13251.565115 43199.500000 29.5  7.0 2020.0 0.281531 0.483607
2020-07-09 11.5 13394.611134  978.327614 13224.049855 43199.500000 29.5  7.0 2020.0 0.279452 0.480874
2020-07-10 11.5 13403.134465  974.508804 13203.200139 43199.500000 29.5  7.0 2020.0 0.277874 0.478142
2020-07-11 11.5 13354.544713  982.299840 13167.774124 43199.500000 29.5  7.0 2020.0 0.275187 0.475410
2020-07-12 11.5 13316.660039  985.530076 13137.922061 43199.500000 29.5  7.0 2020.0 0.272918 0.472678
2020-07-13 11.5 13282.296771  984.471862 13107.032728 43199.500000 29.5  7.0 2020.0 0.270564 0.469945
2020-07-14 11.5 13258.350303  978.778628 13080.118428 43199.500000 29.5  7.0 2020.0 0.268508 0.467213
2020-07-15 11.5 13223.862524  974.587569 13052.983958 43199.500000 29.5  7.0 2020.0 0.266432 0.464481
2020-07-16 11.5 13167.876869  975.530470 13022.997733 43199.500000 29.5  7.0 2020.0 0.264132 0.461749
2020-07-17 11.5 13107.066336  978.173469 12992.770147 43199.500000 29.5  7.0 2020.0 0.261808 0.459016
2020-07-18 11.5 13066.571353  977.890757 12968.481215 43199.500000 29.5  7.0 2020.0 0.259937 0.456284
2020-07-19 11.5 13034.233461  977.108922 12939.371598 43199.500000 29.5  7.0 2020.0 0.257690 0.453552
2020-07-20 11.5 13014.428846  977.134009 12908.894390 43199.500000 29.5  7.0 2020.0 0.255331 0.450820
2020-07-21 11.5 13017.290130  981.257659 12895.559381 43199.500000 29.5  7.0 2020.0 0.254298 0.448087
2020-07-22 11.5 13039.428971  981.219319 12874.954310 43199.500000 29.5  7.0 2020.0 0.252699 0.445355
2020-07-23 11.5 13069.508498  977.235807 12845.540560 43199.500000 29.5  7.0 2020.0 0.250412 0.442623
2020-07-24 11.5 13090.438483  973.612300 12815.141978 43199.500000 29.5  7.0 2020.0 0.248042 0.439891
2020-07-25 11.5 13081.624888  974.585567 12786.516965 43199.500000 29.5  7.0 2020.0 0.245806 0.437158
2020-07-26 11.5 13050.839245  975.525302 12759.245958 43199.500000 29.5  7.0 2020.0 0.243671 0.434426
2020-07-27 11.5 12988.228953  978.275387 12728.085830 43199.500000 29.5  7.0 2020.0 0.241226 0.431694
2020-07-28 11.5 12930.077149  974.143347 12696.727079 43199.500000 29.5  7.0 2020.0 0.238759 0.428962
2020-07-29 11.5 12841.812007  978.032255 12665.163317 43199.500000 29.5  7.0 2020.0 0.236270 0.426230
2020-07-30 11.5 12765.009769  980.390366 12635.942476 43199.500000 29.5  7.0 2020.0 0.233960 0.423497
2020-07-31 11.5 12712.588666  978.668114 12606.005067 43199.500000 29.5  7.0 2020.0 0.231588 0.420765
2020-08-01 11.5 12674.315102  977.959411 12575.920828 43199.500000 29.5  8.0 2020.0 0.229199 0.418033
2020-08-02 11.5 12661.907302  975.036167 12547.861988 43199.500000 29.5  8.0 2020.0 0.226965 0.415301
2020-08-03 11.5 12664.808483  971.119955 12518.859388 43199.500000 29.5  8.0 2020.0 0.224651 0.412568
2020-08-04 11.5 12656.662468  971.955850 12485.855248 43199.500000 29.5  8.0 2020.0 0.222011 0.409836
2020-08-05 11.5 12657.250458  980.174380 12483.026304 43199.500000 29.5  8.0 2020.0 0.221785 0.407104
2020-08-06 11.5 12666.268034  982.872216 12476.625296 43199.500000 29.5  8.0 2020.0 0.221272 0.404372
2020-08-07 11.5 12648.644897  983.423110 12444.961535 43199.500000 29.5  8.0 2020.0 0.218731 0.401639
2020-08-08 11.5 12625.756074  981.919250 12411.192728 43199.500000 29.5  8.0 2020.0 0.216014 0.398907
2020-08-09 11.5 12595.356507  979.517697 12376.449251 43199.500000 29.5  8.0 2020.0 0.213210 0.396175
2020-08-10 11.5 12559.363418  978.662434 12348.926979 43199.500000 29.5  8.0 2020.0 0.210984 0.393443
2020-08-11 11.5 12511.427171  979.840402 12322.031204 43199.500000 29.5  8.0 2020.0 0.208804 0.390710
2020-08-12 11.5 12450.684323  980.395362 12284.679322 43199.500000 29.5  8.0 2020.0 0.205768 0.387978
2020-08-13 11.5 12404.081809  977.313839 12251.901353 43199.500000 29.5  8.0 2020.0 0.203096 0.385246
2020-08-14 11.5 12361.794206  975.080226 12223.328289 43199.500000 29.5  8.0 2020.0 0.200761 0.382514
2020-08-15 11.5 12320.397611  975.497439 12195.849929 43199.500000 29.5  8.0 2020.0 0.198511 0.379781
2020-08-16 11.5 12292.047885  975.775042 12167.618609 43199.500000 29.5  8.0 2020.0 0.196193 0.377049
2020-08-17 11.5 12295.086468  973.085293 12143.953111 43199.500000 29.5  8.0 2020.0 0.194246 0.374317
2020-08-18 11.5 12316.443969  970.611674 12120.488189 43199.500000 29.5  8.0 2020.0 0.192312 0.371585
2020-08-19 11.5 12335.022293  971.398663 12090.788965 43199.500000 29.5  8.0 2020.0 0.189859 0.368852
2020-08-20 11.5 12421.566050  975.305634 12137.631525 43199.500000 29.5  8.0 2020.0 0.193726 0.366120
2020-08-21 11.5 12449.950552  977.594791 12135.283434 43199.500000 29.5  8.0 2020.0 0.193532 0.363388
2020-08-22 11.5 12438.668194  976.612388 12108.769201 43199.500000 29.5  8.0 2020.0 0.191345 0.360656
2020-08-23 11.5 12391.478068  976.501058 12077.131015 43199.500000 29.5  8.0 2020.0 0.188729 0.357923
2020-08-24 11.5 12322.188130  976.388961 12045.439860 43199.500000 29.5  8.0 2020.0 0.186101 0.355191
2020-08-25 11.5 12255.058897  975.437154 12023.972269 43199.500000 29.5  8.0 2020.0 0.184317 0.352459
2020-08-26 11.5 12196.945495  970.529506 11998.048609 43199.500000 29.5  8.0 2020.0 0.182159 0.349727
2020-08-27 11.5 12119.459443  974.391736 11967.891690 43199.500000 29.5  8.0 2020.0 0.179642 0.346995
2020-08-28 11.5 12083.100561  970.834677 11940.368696 43199.500000 29.5  8.0 2020.0 0.177340 0.344262
2020-08-29 11.5 12059.052196  969.169121 11913.449374 43199.500000 29.5  8.0 2020.0 0.175083 0.341530
2020-08-30 11.5 12050.298407  967.799436 11887.734718 43199.500000 29.5  8.0 2020.0 0.172922 0.338798
2020-08-31 11.5 12023.224992  974.551084 11857.682089 43199.500000 29.5  8.0 2020.0 0.170391 0.336066
2020-09-01 11.5 12034.317525  972.128078 11833.854519 43199.500000 29.5  9.0 2020.0 0.168379 0.333333
2020-09-02 11.5 12017.848183  977.738933 11807.559275 43199.500000 29.5  9.0 2020.0 0.166155 0.330601
2020-09-03 11.5 11993.310547  982.678333 11776.778611 43199.500000 29.5  9.0 2020.0 0.163545 0.327869
2020-09-04 11.5 11983.893678  984.172500 11759.356388 43199.500000 29.5  9.0 2020.0 0.162064 0.325137
2020-09-05 11.5 11972.718565  978.510039 11728.345874 43199.500000 29.5  9.0 2020.0 0.159424 0.322404
2020-09-06 11.5 11934.312490  979.343728 11698.712214 43199.500000 29.5  9.0 2020.0 0.156894 0.319672
2020-09-07 11.5 11889.143093  983.665052 11680.402373 43199.500000 29.5  9.0 2020.0 0.155327 0.316940
2020-09-08 11.5 11832.473444  987.515205 11654.505184 43199.500000 29.5  9.0 2020.0 0.153108 0.314208
2020-09-09 11.5 11794.841654  983.217877 11625.869311 43199.500000 29.5  9.0 2020.0 0.150648 0.311475
2020-09-10 11.5 11760.615856  980.604548 11605.103759 43199.500000 29.5  9.0 2020.0 0.148860 0.308743
2020-09-11 11.5 11709.423603  980.306094 11569.928478 43199.500000 29.5  9.0 2020.0 0.145824 0.306011
2020-09-12 11.5 11683.005812  981.774113 11556.258266 43199.500000 29.5  9.0 2020.0 0.144642 0.303279
2020-09-13 11.5 11636.165869  987.319853 11521.094010 43199.500000 29.5  9.0 2020.0 0.141595 0.300546
2020-09-14 11.5 11621.839694  989.923081 11492.811376 43199.500000 29.5  9.0 2020.0 0.139137 0.297814
2020-09-15 11.5 11652.382468  985.812088 11471.981088 43199.500000 29.5  9.0 2020.0 0.137323 0.295082
2020-09-16 11.5 11695.138946  979.711319 11445.395920 43199.500000 29.5  9.0 2020.0 0.135002 0.292350
2020-09-17 11.5 11703.807795  983.846568 11415.576593 43199.500000 29.5  9.0 2020.0 0.132394 0.289617
2020-09-18 11.5 11690.054481  988.813105 11381.953873 43199.500000 29.5  9.0 2020.0 0.129444 0.286885
2020-09-19 11.5 11681.084841  984.340080 11353.301556 43199.500000 29.5  9.0 2020.0 0.126923 0.284153
2020-09-20 11.5 11638.322353  980.548623 11323.288012 43199.500000 29.5  9.0 2020.0 0.124276 0.281421
2020-09-21 11.5 11563.160715  979.977991 11291.898260 43199.500000 29.5  9.0 2020.0 0.121500 0.278689
2020-09-22 11.5 11491.449921  976.239722 11261.258147 43199.500000 29.5  9.0 2020.0 0.118783 0.275956
2020-09-23 11.5 11435.294141  970.430722 11233.372531 43199.500000 29.5  9.0 2020.0 0.116304 0.273224
2020-09-24 11.5 11377.717822  969.669483 11204.357880 43199.500000 29.5  9.0 2020.0 0.113718 0.270492
2020-09-25 11.5 11365.300021  960.653983 11178.439817 43199.500000 29.5  9.0 2020.0 0.111402 0.267760
2020-09-26 11.5 11353.188338  956.226809 11150.676274 43199.500000 29.5  9.0 2020.0 0.108915 0.265027
2020-09-27 11.5 11308.452631  968.125951 11127.162346 43199.500000 29.5  9.0 2020.0 0.106804 0.262295
2020-09-28 11.5 11291.215392  972.646625 11102.007248 43199.500000 29.5  9.0 2020.0 0.104541 0.259563
2020-09-29 11.5 11285.847271  974.009110 11077.115382 43199.500000 29.5  9.0 2020.0 0.102296 0.256831
2020-09-30 11.5 11294.048310  972.444999 11059.255370 43199.500000 29.5  9.0 2020.0 0.100683 0.254098
2020-10-01 11.5 11295.661953  966.375231 11026.877234 43199.500000 29.5 10.0 2020.0 0.097751 0.251366
2020-10-02 11.5 11276.101547  965.674160 10997.133177 43199.500000 29.5 10.0 2020.0 0.095050 0.248634
2020-10-03 11.5 11261.712135  962.223438 10972.882002 43199.500000 29.5 10.0 2020.0 0.092842 0.245902
2020-10-04 11.5 11215.681493  964.987819 10943.526073 43199.500000 29.5 10.0 2020.0 0.090163 0.243169
2020-10-05 11.5 11160.789065  969.076275 10915.580530 43199.500000 29.5 10.0 2020.0 0.087606 0.240437
2020-10-06 11.5 11106.695845  971.380039 10886.944382 43199.500000 29.5 10.0 2020.0 0.084979 0.237705
2020-10-07 11.5 11057.693623  972.650558 10861.215567 43199.500000 29.5 10.0 2020.0 0.082613 0.234973
2020-10-08 11.5 10987.674959  980.773454 10832.664534 43199.500000 29.5 10.0 2020.0 0.079981 0.232240
2020-10-09 11.5 10954.331734  980.642153 10810.646692 43199.500000 29.5 10.0 2020.0 0.077946 0.229508
2020-10-10 11.5 10929.487064  978.798563 10783.435874 43199.500000 29.5 10.0 2020.0 0.075426 0.226776
2020-10-11 11.5 10905.972554  978.951817 10752.250780 43199.500000 29.5 10.0 2020.0 0.072530 0.224044
2020-10-12 11.5 10905.520998  976.037307 10721.938537 43199.500000 29.5 10.0 2020.0 0.069707 0.221311
2020-10-13 11.5 10944.708416  967.097625 10699.692084 43211.696551 29.5 10.0 2020.0 0.067630 0.218579
2020-10-14 11.5 10986.269433  961.507473 10683.178961 43199.500000 29.5 10.0 2020.0 0.066085 0.215847
2020-10-15 11.5 10972.416877  973.334827 10662.922697 43199.500000 29.5 10.0 2020.0 0.064187 0.213115
2020-10-16 11.5 10965.073605  974.688238 10630.940088 43199.500000 29.5 10.0 2020.0 0.061184 0.210383
2020-10-17 11.5 10938.099017  975.206775 10600.959330 43199.500000 29.5 10.0 2020.0 0.058359 0.207650
2020-10-18 11.5 10875.156497  979.151364 10572.389983 43199.500000 29.5 10.0 2020.0 0.055661 0.204918
2020-10-19 11.5 10791.785285  984.245331 10546.478904 43199.500000 29.5 10.0 2020.0 0.053207 0.202186
2020-10-20 11.5 10221.434945  984.757123 10530.792834 14946.000000 29.5 10.0 2020.0 0.051719 0.199454
2020-10-21 11.5 27066.684998  976.477721 26601.839002 59510.710367 29.5 10.0 2020.0 0.978395 0.196721
2020-10-22 11.5 26527.545458  978.608194 26432.956507 43199.500000 29.5 10.0 2020.0 0.972026 0.193989
2020-10-23 11.5 26384.081979  975.899595 26290.570431 43199.500000 29.5 10.0 2020.0 0.966625 0.191257
2020-10-24 11.5 26277.668887  976.515316 26182.097988 43199.500000 29.5 10.0 2020.0 0.962491 0.188525
2020-10-25 11.5 26208.018537  974.406674 26093.643036 43199.500000 29.5 10.0 2020.0 0.959107 0.185792
2020-10-26 11.5 26164.523142  968.178828 26015.030391 43199.500000 29.5 10.0 2020.0 0.956089 0.183060
2020-10-27 11.5 26100.182876  972.711602 25947.683447 43199.500000 29.5 10.0 2020.0 0.953497 0.180328
2020-10-28 11.5 26038.182833  975.949143 25881.683285 43199.500000 29.5 10.0 2020.0 0.950950 0.177596
2020-10-29 11.5 25985.383249  976.934321 25823.087089 43199.500000 29.5 10.0 2020.0 0.948684 0.174863
2020-10-30 11.5 25931.593488  979.129759 25773.175069 43199.500000 29.5 10.0 2020.0 0.946749 0.172131
2020-10-31 11.5 25865.277513  982.656774 25720.904515 43199.500000 29.5 10.0 2020.0 0.944719 0.169399
2020-11-01 11.5 25810.680775  980.335252 25668.320228 43199.500000 29.5 11.0 2020.0 0.942672 0.166667
2020-11-02 11.5 25768.602061  977.348330 25630.219979 43199.500000 29.5 11.0 2020.0 0.941187 0.163934
2020-11-03 11.5 25693.003308  982.120713 25583.482775 43199.500000 29.5 11.0 2020.0 0.939362 0.161202
2020-11-04 11.5 25610.589280  988.578063 25534.070330 43199.500000 29.5 11.0 2020.0 0.937429 0.158470
2020-11-05 11.5 25529.318882  995.619292 25483.983587 43199.500000 29.5 11.0 2020.0 0.935465 0.155738
2020-11-06 11.5 25487.474240  993.690656 25440.627578 43199.500000 29.5 11.0 2020.0 0.933762 0.153005
2020-11-07 11.5 25469.695478  990.579824 25410.331253 43199.500000 29.5 11.0 2020.0 0.932571 0.150273
2020-11-08 11.5 25451.471329  986.489657 25368.465076 43199.500000 29.5 11.0 2020.0 0.930922 0.147541
2020-11-09 11.5 25418.170681  988.660213 25322.552284 43199.500000 29.5 11.0 2020.0 0.929110 0.144809
2020-11-10 11.5 25400.755240  990.352985 25285.231720 43199.500000 29.5 11.0 2020.0 0.927635 0.142077
2020-11-11 11.5 25383.277205  988.861010 25235.723458 43199.500000 29.5 11.0 2020.0 0.925675 0.139344
2020-11-12 11.5 25378.699712  985.007647 25194.558993 43199.500000 29.5 11.0 2020.0 0.924043 0.136612
2020-11-13 11.5 25358.224573  983.755450 25154.074230 43199.500000 29.5 11.0 2020.0 0.922435 0.133880
2020-11-14 11.5 25321.414492  983.326781 25114.351800 43199.500000 29.5 11.0 2020.0 0.920854 0.131148
2020-11-15 11.5 25273.326042  980.597324 25073.369353 43199.500000 29.5 11.0 2020.0 0.919221 0.128415
2020-11-16 11.5 25216.986097  978.326427 25038.766186 43199.500000 29.5 11.0 2020.0 0.917840 0.125683
2020-11-17 11.5 25122.029458  986.919403 25002.613329 43199.500000 29.5 11.0 2020.0 0.916395 0.122951
2020-11-18 11.5 25049.915752  988.465972 24963.414439 43199.500000 29.5 11.0 2020.0 0.914826 0.120219
2020-11-19 11.5 24966.201115  981.215428 24875.473190 43199.500000 29.5 11.0 2020.0 0.911297 0.117486
2020-11-20 11.5 24884.927588  988.800900 24822.834705 43199.500000 29.5 11.0 2020.0 0.909179 0.114754
2020-11-21 11.5 24838.860850  993.828069 24788.794144 43199.500000 29.5 11.0 2020.0 0.907807 0.112022
2020-11-22 11.5 24830.148568  987.097261 24751.891657 43199.500000 29.5 11.0 2020.0 0.906317 0.109290
2020-11-23 11.5 24803.660275  986.430097 24714.075067 43199.500000 29.5 11.0 2020.0 0.904788 0.106557
2020-11-24 11.5 24771.701159  988.242304 24679.777916 43199.500000 29.5 11.0 2020.0 0.903399 0.103825
2020-11-25 11.5 24753.903602  983.797406 24644.194336 43199.500000 29.5 11.0 2020.0 0.901956 0.101093
2020-11-26 11.5 24720.197152  983.170226 24608.097218 43199.500000 29.5 11.0 2020.0 0.900490 0.098361
2020-11-27 11.5 24685.700810  982.076188 24573.708536 43199.500000 29.5 11.0 2020.0 0.899092 0.095628
2020-11-28 11.5 24648.180166  981.560277 24541.146294 43199.500000 29.5 11.0 2020.0 0.897766 0.092896
2020-11-29 11.5 24607.217976  981.464949 24508.238212 43199.500000 29.5 11.0 2020.0 0.896424 0.090164
2020-11-30 11.5 24571.512809  984.879294 24491.390022 43199.500000 29.5 11.0 2020.0 0.895737 0.087432
2020-12-01 11.5 24532.536966  981.360314 24448.985198 43199.500000 29.5 12.0 2020.0 0.894004 0.084699
2020-12-02 11.5 24490.475179  981.281578 24410.650784 43199.500000 29.5 12.0 2020.0 0.892434 0.081967
2020-12-03 11.5 24484.253749  971.146127 24373.602454 43199.500000 29.5 12.0 2020.0 0.890916 0.079235
2020-12-04 11.5 24479.857142  963.237937 24339.844617 43199.500000 29.5 12.0 2020.0 0.889530 0.076503
2020-12-05 11.5 24439.695791  968.110035 24303.530888 43199.500000 29.5 12.0 2020.0 0.888037 0.073770
2020-12-06 11.5 24421.470620  969.069765 24273.782883 43199.500000 29.5 12.0 2020.0 0.886812 0.071038
2020-12-07 11.5 24410.781733  967.631477 24242.946755 43199.500000 29.5 12.0 2020.0 0.885541 0.068306
2020-12-08 11.5 24382.257948  971.138140 24210.293256 43199.500000 29.5 12.0 2020.0 0.884193 0.065574
2020-12-09 11.5 24354.965632  972.815339 24177.105422 43199.500000 29.5 12.0 2020.0 0.882821 0.062842
2020-12-10 11.5 24339.603233  968.658357 24143.749244 43199.500000 29.5 12.0 2020.0 0.881440 0.060109
2020-12-11 11.5 24309.646780  966.764307 24108.410387 43199.500000 29.5 12.0 2020.0 0.879976 0.057377
2020-12-12 11.5 24283.323072  964.979588 24082.414770 43199.500000 29.5 12.0 2020.0 0.878897 0.054645
2020-12-13 11.5 24222.410234  972.741487 24054.512596 43199.500000 29.5 12.0 2020.0 0.877738 0.051913
2020-12-14 11.5 24159.364561  978.599415 24021.057399 43199.500000 29.5 12.0 2020.0 0.876346 0.049180
2020-12-15 11.5 24118.214575  979.066220 23993.152365 43199.500000 29.5 12.0 2020.0 0.875183 0.046448
2020-12-16 11.5 24070.214491  982.846089 23965.382348 43199.500000 29.5 12.0 2020.0 0.874025 0.043716
2020-12-17 11.5 24026.894672  984.974608 23932.735028 43199.500000 29.5 12.0 2020.0 0.872662 0.040984
2020-12-18 11.5 23984.676064  987.649178 23898.330630 43199.500000 29.5 12.0 2020.0 0.871224 0.038251
2020-12-19 11.5 23962.243587  985.792714 23867.394718 43199.500000 29.5 12.0 2020.0 0.869928 0.035519
2020-12-20 11.5 23936.361779  985.915955 23838.518447 43199.500000 29.5 12.0 2020.0 0.868718 0.032787
2020-12-21 11.5 23906.387804  985.721105 23806.293450 43199.500000 29.5 12.0 2020.0 0.867365 0.030055
2020-12-22 11.5 23898.986451  977.789868 23776.573006 43199.500000 29.5 12.0 2020.0 0.866116 0.027322
2020-12-23 11.5 23868.672655  974.933982 23742.566973 43199.500000 29.5 12.0 2020.0 0.864684 0.024590
2020-12-24 11.5 23848.968969  967.897266 23709.686573 43199.500000 29.5 12.0 2020.0 0.863299 0.021858
2020-12-25 11.5 23790.472729  974.207838 23679.745913 43199.500000 29.5 12.0 2020.0 0.862035 0.019126
2020-12-26 11.5 23727.155359  981.354569 23647.480793 43199.500000 29.5 12.0 2020.0 0.860671 0.016393
2020-12-27 11.5 23722.759362  969.480560 23615.102150 43199.500000 29.5 12.0 2020.0 0.859301 0.013661
2020-12-28 11.5 23742.844865  951.546032 23584.814399 43199.500000 29.5 12.0 2020.0 0.858018 0.010929
2020-12-29 11.5 23699.762146  955.448366 23550.765809 43199.500000 29.5 12.0 2020.0 0.856573 0.008197
2020-12-30 11.5 23656.988756  964.677114 23526.492562 43199.500000 29.5 12.0 2020.0 0.855542 0.005464
2020-12-31 11.5 23629.835804  969.224883 23498.036894 43199.500000 29.5 12.0 2020.0 0.854332 0.002732