0.671640
0.669779
0.667748
0.665631
0.663698
0.661923
0.659791
0.658200
0.656288
0.654221
0.652184
0.650102
0.648601
0.646232
0.644664
0.642702
0.640845
0.635676
0.633696
0.631706
0.629436
0.627350
0.625261
0.623241
0.621100
0.619175
0.617118
0.615154
0.613860
0.611717
0.609645
0.608601
0.606289
0.603427
0.601962
0.600141
0.598249
0.596098
0.594509
0.592226
0.589986
0.588185
0.586092
0.584141
0.582577
0.580463
0.578421
0.576321
0.574392
0.572335
0.570268
0.568324
0.566408
0.564189
0.562071
0.560086
0.557917
0.555939
0.554115
0.551953
0.549961
0.548057
0.546258
0.544217
0.542079
0.540196
0.538197
0.536191
0.535502
0.533884
0.532045
0.529882
0.528143
0.525949
0.523910
0.522114
0.520191
0.517922
0.514600
0.513396
0.511327
0.509413
0.506869
0.505319
0.503983
0.501478
0.499421
0.497127
0.494813
0.492514
0.490231
0.488254
0.486136
0.484232
0.482179
0.480386
0.479084
0.477713
0.474965
0.473174
0.471158
0.470812
0.470045
0.467365
0.465084
0.463093
0.460831
0.459221
0.456908
0.454724
0.452742
0.450586
0.449377
0.446398
0.443848
0.441271
0.439129
0.437186
0.436034
0.433455
0.431242
0.429021
0.426703
0.424394
0.422637
0.420629
0.418214
0.416155
0.414561
0.411959
0.409714
0.407569
0.404968
0.403693
0.401688
0.399042
0.396893
0.394746
0.392653
0.390763
0.388273
0.386098
0.384297
0.382142
0.379888
0.377828
0.376195
0.373723
0.371333
0.368728
0.366309
0.364304
0.362276
0.359803
0.357605
0.355262
0.353489
0.351166
0.349205
0.347051
0.345012
0.343234
0.340668
0.338329
0.336576
0.334266
0.332154
0.329759
0.327453
0.325453
0.323137
0.321167
0.319081
0.316947
0.314863
0.312923
0.310781
0.308267
0.306169
0.303856
0.301411
0.299087
0.296901
0.294937
0.292692
0.290365
0.287949
0.285636
0.283488
0.281531
0.279452
0.277874
0.275187
0.272918
0.270564
0.268508
0.266432
0.264132
0.261808
0.259937
0.257690
0.255331
0.254298
0.252699
0.250412
0.248042
0.245806
0.243671
0.241226
0.238759
0.236270
0.233960
0.231588
0.229199
0.226965
0.224651
0.222011
0.221785
0.221272
0.218731
0.216014
0.213210
0.210984
0.208804
0.205768
0.203096
0.200761
0.198511
0.196193
0.194246
0.192312
0.189859
0.193726
0.193532
0.191345
0.188729
0.186101
0.184317
0.182159
0.179642
0.177340
0.175083
0.172922
0.170391
0.168379
0.166155
0.163545
0.162064
0.159424
0.156894
0.155327
0.153108
0.150648
0.148860
0.145824
0.144642
0.141595
0.139137
0.137323
0.135002
0.132394
0.129444
0.126923
0.124276
0.121500
0.118783
0.116304
0.113718
0.111402
0.108915
0.106804
0.104541
0.102296
0.100683
0.097751
0.095050
0.092842
0.090163
0.087606
0.084979
0.082613
0.079981
0.077946
0.075426
0.072530
0.069707
0.067630
0.066085
0.064187
0.061184
0.058359
0.055661
0.053207
0.051719
0.978395
0.972026
0.966625
0.962491
0.959107
0.956089
0.953497
0.950950
0.948684
0.946749
0.944719
0.942672
0.941187
0.939362
0.937429
0.935465
0.933762
0.932571
0.930922
0.929110
0.927635
0.925675
0.924043
0.922435
0.920854
0.919221
0.917840
0.916395
0.914826
0.911297
0.909179
0.907807
0.906317
0.904788
0.903399
0.901956
0.900490
0.899092
0.897766
0.896424
0.895737
0.894004
0.892434
0.890916
0.889530
0.888037
0.886812
0.885541
0.884193
0.882821
0.881440
0.879976
0.878897
0.877738
0.876346
0.875183
0.874025
0.872662
0.871224
0.869928
0.868718
0.867365
0.866116
0.864684
0.863299
0.862035
0.860671
0.859301
0.858018
0.856573
0.855542
0.854332